A = [3 7 -4 12 ; -5 9 10 2 ; 6 13 8 11 ; 15 5 4 1] ;
B = A(:,2:end)
C = A(2:end,:)
D = A(1:2,2:end)