A = [4 -2 1 ; 6 8 -5 ; 7 9 10] ;
B = [6 9 -4 ; 7 5 3 ; -8 2 1] ;
C = [-4 -5 2 ; 10 6 1 ; 3 -9 8] ;

a1 = A*(B+C)
a2 = A*B + A*C

b1 = (A*B)*C
b2 = A*(B*C)