A = [2 -3 6 2 5 ; -2 3 -3 -3 -4 ; 4 -6 9 5 9 ; -2 3 3 -4 1] ;

% (a)
B = A(: , 3:5)

% (b)
C = A(2:4 , :)

% (c)
D = A(1:2 , 3:5)