A = 1 & -1
B = 13 & ~(-6)
C = 0 < -210
D = ~[1 0 2] * 3
E = 0 <= 0.2 <=0.4
F = 5>4>3
G = 2>3&1